     0/299     2.14G   0.07284   0.02865   0.02415    0.1256         8       640    0.2096    0.1346   0.04233  0.008664   0.03774  0.008409  0.005689
     1/299     3.15G   0.06303   0.02776   0.02185    0.1126         6       640    0.0212    0.1154  0.003539 0.0008134   0.03645  0.007799  0.004353
     2/299     3.15G   0.06213    0.0284   0.02205    0.1126         7       640         0         0         0         0   0.04566   0.00754   0.00715
     3/299     3.15G   0.05619   0.03005   0.02162    0.1079         7       640 0.0003178   0.05769 1.994e-05 7.089e-06   0.03705  0.008942  0.004442
     4/299     3.15G   0.05368   0.03033   0.02171    0.1057         9       640   0.09074       0.5   0.08302   0.01886   0.02099   0.01012 0.0008087
     5/299     3.15G   0.04873   0.03034   0.02071   0.09978        12       640    0.3203    0.5962     0.284   0.07104   0.01841    0.0207  0.002879
     6/299     3.15G   0.04644   0.02878   0.01954   0.09476        11       640    0.4182    0.7115    0.5033    0.1154   0.01376  0.007915 0.0006658
     7/299     3.15G   0.04435   0.02741   0.01738   0.08914         3       640    0.5427    0.8217    0.5774    0.1631   0.01376  0.008335   0.00108
     8/299     3.15G   0.04117   0.02583   0.01631   0.08331         8       640    0.6999    0.9038    0.7706    0.1913   0.01193  0.009132 0.0001944
     9/299     3.15G   0.04048   0.02418   0.01439   0.07905        10       640    0.7871    0.8654    0.8048    0.3238  0.008354  0.006388 0.0002849
    10/299     3.15G   0.04049    0.0235   0.01427   0.07826        10       640    0.7508    0.9423    0.9023    0.5101  0.008227  0.006485 0.0005596
    11/299     3.15G   0.03767   0.02243   0.01357   0.07367        13       640    0.8327    0.9615    0.9589    0.6034  0.008005  0.005257 0.0001922
    12/299     2.26G   0.03771   0.02175   0.01264    0.0721         8       640    0.8332    0.9604    0.9305    0.6406   0.00872   0.00474  0.000173
    13/299     3.15G   0.03493   0.02138   0.01105   0.06737         6       640         1    0.9806    0.9947      0.65  0.008542  0.004577 0.0007758
    14/299     3.15G   0.03637    0.0209   0.01161   0.06887         7       640    0.9811    0.9995    0.9804    0.6788  0.008583  0.004254  0.001035
    15/299     3.15G   0.03448    0.0205   0.01119   0.06617         7       640     0.963    0.9999    0.9943    0.7502  0.006305  0.003846 0.0002633
    16/299     3.15G   0.03477   0.02043   0.01074   0.06595         9       640    0.9627         1    0.9918    0.7407  0.006588  0.004258  0.003859
    17/299     3.15G   0.03392   0.02051   0.01021   0.06463        12       640         1    0.9999    0.9954    0.7931  0.006367  0.003537 0.0001996
    18/299     3.15G   0.03361   0.01989   0.00984   0.06334        11       640         1         1    0.9958    0.7394  0.007111  0.003317 0.0001304
    19/299     3.15G   0.03374   0.01949  0.009638   0.06287         3       640    0.9999         1    0.9954    0.7852  0.006701  0.003547 0.0001298
    20/299     3.15G   0.03208   0.01905   0.00971   0.06085         8       640    0.9388    0.8843    0.9504    0.6835  0.007225  0.004417 0.0001428
    21/299     3.15G   0.03295   0.01919  0.009358    0.0615        10       640    0.9999         1    0.9956    0.7513  0.006674  0.003506 0.0001374
    22/299     3.15G   0.03325   0.01905  0.009198    0.0615        10       640    0.9273    0.9806    0.9884    0.7632  0.006594  0.004535 0.0002074
    23/299     3.15G   0.03138   0.01859  0.009322   0.05929        13       640         1         1    0.9961    0.8049   0.00561  0.002889  7.97e-05
    24/299     3.15G   0.03151   0.01875  0.009991   0.06025         8       640    0.9806    0.9808    0.9921     0.741  0.006839  0.004043 0.0002774
    25/299     3.15G   0.03069   0.01842  0.008375   0.05749         7       640    0.9999         1    0.9959    0.7905  0.006139  0.002863 0.0003813
    26/299     3.15G   0.03016   0.01778  0.008793   0.05674         9       640    0.8769    0.9592    0.9566    0.7336  0.006526  0.003769 0.0002129
    27/299     3.15G   0.02966   0.01765  0.008153   0.05547         7       640         1         1    0.9958    0.8102  0.005237   0.00304 0.0001234
    28/299     3.15G   0.03014   0.01825  0.008744   0.05713         4       640         1         1    0.9962    0.7973  0.005554  0.003429 8.589e-05
    29/299     3.15G   0.03045   0.01812  0.009358   0.05793        10       640         1    0.9998    0.9957    0.7758  0.006245  0.003515 7.872e-05
    30/299     3.15G   0.03042   0.01807  0.008951   0.05744        13       640    0.9999         1    0.9964    0.7873  0.006027  0.003103 3.453e-05
    31/299     3.15G   0.02953   0.01768  0.007541   0.05475        10       640         1         1    0.9965    0.8019  0.005242  0.002951 8.901e-05
    32/299     3.15G   0.02953   0.01728  0.007966   0.05478         8       640    0.9999         1    0.9958    0.7668  0.005579  0.003063 7.748e-05
    33/299     3.15G   0.02919   0.01767  0.007982   0.05484        12       640         1         1    0.9965    0.7933  0.005601  0.003022 7.552e-05
    34/299     3.15G   0.02989   0.01705  0.007565   0.05451         8       640         1    0.9805    0.9958    0.7767  0.005632  0.003038  8.46e-05
    35/299     3.15G   0.02926   0.01737  0.008243   0.05487        13       640         1         1    0.9964     0.796  0.005355  0.003241 6.985e-05
    36/299     2.26G   0.02981   0.01698  0.007766   0.05455         8       640         1         1    0.9961    0.7876   0.00582  0.003477 4.866e-05
    37/299     3.07G   0.02826   0.01709  0.007131   0.05248         6       640         1         1    0.9957    0.8217  0.004903  0.002736 2.031e-05
    38/299     3.07G   0.02925   0.01675  0.007448   0.05345         7       640         1         1    0.9961    0.7771  0.005936  0.002804 0.0002778
    39/299     3.07G   0.02825    0.0169  0.007497   0.05265         7       640    0.9803    0.9615    0.9907    0.7832   0.00553  0.003096  6.29e-05
    40/299     3.07G   0.02821   0.01669  0.006456   0.05135         9       640         1    0.9999     0.996    0.7567   0.00596  0.003018 6.307e-05
    41/299     3.07G   0.02838    0.0172  0.006787   0.05237        12       640         1         1    0.9964    0.8055  0.005279   0.00299 2.763e-05
    42/299     3.07G   0.02829   0.01656  0.006835   0.05168        11       640         1         1    0.9961    0.8105  0.004795  0.002852 7.014e-05
    43/299     3.07G   0.02893   0.01655  0.006644   0.05212         3       640         1         1    0.9959    0.7926   0.00529  0.002941 6.524e-05
    44/299     3.07G    0.0273   0.01639  0.006731   0.05042         8       640         1         1    0.9967    0.7867  0.005146  0.002859 3.639e-05
    45/299     3.07G   0.02798   0.01619  0.006108   0.05027        10       640         1         1    0.9964    0.8003  0.005051  0.003024 0.0001033
    46/299     3.07G   0.02823   0.01632  0.006675   0.05123        10       640         1         1    0.9962    0.8111  0.005097  0.003079 3.825e-05
    47/299     3.07G   0.02728     0.016  0.006499   0.04978        13       640         1         1    0.9964    0.8275  0.005212  0.002995 4.765e-05
    48/299     3.07G   0.02731   0.01645  0.007185   0.05095         8       640         1         1    0.9956     0.787  0.005929  0.003442 6.875e-05
    49/299     3.07G   0.02689   0.01626  0.006364   0.04951         7       640         1         1    0.9963    0.8271  0.004726  0.002693 4.887e-05
    50/299     3.07G   0.02655   0.01574  0.006382   0.04867         9       640         1         1    0.9964    0.8191  0.005183  0.002775 5.265e-05
    51/299     3.07G   0.02591   0.01542  0.005893   0.04722         7       640         1         1    0.9963    0.8176  0.005383  0.003288 7.961e-05
    52/299     3.07G   0.02649   0.01594   0.00542   0.04785         4       640         1         1    0.9966    0.7872  0.005368  0.003236 5.384e-05
    53/299     3.07G   0.02733   0.01604  0.006559   0.04993        10       640         1         1    0.9966     0.819  0.005347  0.002918 6.922e-05
    54/299     3.07G   0.02717   0.01614  0.007086   0.05039        13       640         1         1    0.9968    0.8007  0.005015  0.002703  5.59e-05
    55/299     3.07G   0.02605   0.01584  0.005747   0.04764        10       640         1         1    0.9969    0.8098  0.005151  0.002896 4.417e-05
    56/299     3.07G   0.02602   0.01553  0.005845   0.04739         8       640         1         1    0.9965    0.8026  0.004943  0.002713 3.937e-05
    57/299     3.08G   0.02585    0.0156  0.005625   0.04708        12       640         1         1    0.9968    0.7985    0.0051  0.002769 4.022e-05
    58/299     3.08G   0.02643   0.01508  0.004955   0.04646         8       640         1         1    0.9964    0.8113  0.005007  0.002869 3.177e-05
    59/299     3.08G   0.02618   0.01566  0.005955    0.0478        13       640         1         1    0.9962    0.8126   0.00489  0.002963 3.255e-05
    60/299     3.08G   0.02526   0.01534  0.005606    0.0462         7       640    0.9999         1    0.9962    0.8026  0.005056  0.002832 6.349e-05
    61/299     3.08G   0.02642   0.01545  0.006066   0.04794         9       640         1         1    0.9962    0.8087  0.005006  0.002736 3.594e-05
    62/299     3.08G   0.02675   0.01512  0.006775   0.04864        12       640         1         1    0.9971    0.8171  0.004615  0.002507 3.615e-05
    63/299     3.08G    0.0263   0.01529  0.006753   0.04834         8       640         1         1    0.9969    0.8023  0.005173  0.002849 4.984e-05
    64/299     3.08G   0.02635   0.01576  0.006929   0.04904        10       640         1         1    0.9965    0.8147  0.005006  0.002705  6.68e-05
    65/299     3.08G   0.02602   0.01523  0.005957   0.04721        10       640         1         1     0.997    0.8282  0.004658  0.002776 7.144e-05
    66/299     3.08G   0.02713   0.01524  0.006322   0.04869         8       640         1         1    0.9968     0.812  0.004681  0.002636 3.145e-05
    67/299     3.08G   0.02576   0.01531  0.005645   0.04672         9       640         1         1    0.9963    0.8125  0.004964  0.002884 5.974e-05
    68/299     3.08G   0.02648   0.01549  0.006301   0.04827         6       640         1         1    0.9963    0.8208  0.004833  0.002749 2.628e-05
    69/299     3.08G   0.02661   0.01526  0.006746   0.04861         4       640         1         1    0.9968    0.8199  0.004718  0.002678 3.513e-05
    70/299     3.08G     0.026   0.01548  0.005804   0.04729         9       640         1         1    0.9965    0.8094  0.004948  0.002944 3.058e-05
    71/299     3.08G   0.02554   0.01517  0.006472   0.04718        12       640         1         1    0.9964     0.835  0.005004  0.002659 3.962e-05
    72/299     3.08G   0.02619    0.0151  0.005987   0.04728         7       640         1         1    0.9967    0.8246  0.005176  0.002614 2.813e-05
    73/299     3.08G    0.0269   0.01594  0.007112   0.04995         8       640         1         1    0.9965    0.8311  0.004886  0.002762 3.156e-05
    74/299     3.08G   0.02576   0.01554  0.006123   0.04743         9       640         1         1     0.997    0.8189  0.005064   0.00278 4.232e-05
    75/299     3.08G   0.02631   0.01508  0.006134   0.04752         7       640         1         1    0.9968    0.8417  0.004678  0.002696 2.432e-05
    76/299     3.08G   0.02637   0.01554  0.006511   0.04842         7       640         1         1    0.9974    0.8319  0.004801  0.002639 2.815e-05
    77/299     3.08G   0.02573    0.0148  0.005859   0.04639        11       640         1         1    0.9971    0.8237  0.005046  0.002665 2.709e-05
    78/299     2.26G   0.02582   0.01464   0.00555   0.04601         8       640         1         1    0.9966    0.8194  0.004749  0.002848 3.278e-05
    79/299     3.15G   0.02414   0.01465  0.004581   0.04337         6       640         1         1    0.9973    0.8078  0.004969  0.002801 2.551e-05
    80/299     2.26G   0.02418   0.01364  0.002812   0.04064         8       640         1         1    0.9974    0.8098  0.005286   0.00288 2.565e-05
    81/299     3.15G   0.02263   0.01358   0.00225   0.03846         6       640         1         1    0.9976    0.8194  0.004742  0.002729 3.067e-05
    82/299     3.15G   0.02569   0.01469  0.005527    0.0459         7       640         1         1    0.9971     0.825  0.004862  0.002561 2.977e-05
    83/299     3.15G   0.02487   0.01479  0.005083   0.04474         7       640         1         1    0.9971     0.828  0.004587    0.0026 1.859e-05
    84/299     3.15G   0.02467   0.01451  0.004804   0.04398         9       640         1         1    0.9974    0.8224  0.005128  0.002664 1.953e-05
    85/299     3.15G   0.02415   0.01487  0.004536   0.04356        12       640         1         1    0.9974    0.8348  0.004544  0.002798 4.126e-05
    86/299     3.15G    0.0244   0.01446  0.004799   0.04366        11       640         1         1    0.9971    0.8305  0.004585  0.002798  4.57e-05
    87/299     3.15G   0.02492   0.01458  0.004999    0.0445         3       640         1         1    0.9978     0.838  0.004583  0.002663  2.83e-05
    88/299     3.15G    0.0238   0.01435  0.004434   0.04258         8       640         1         1    0.9972    0.8179  0.004778  0.002672 3.129e-05
    89/299     3.15G    0.0243   0.01409  0.004148   0.04254        10       640         1         1    0.9974    0.8285  0.004844  0.002694 1.824e-05
    90/299     3.15G   0.02495   0.01444  0.004734   0.04413        10       640         1         1    0.9976    0.8182  0.004629  0.002808 1.904e-05
    91/299     3.15G   0.02386   0.01407  0.004324   0.04226        13       640         1         1    0.9978    0.8267  0.004746  0.002625 2.408e-05
    92/299     3.15G   0.02442   0.01424   0.00458   0.04325         8       640         1         1    0.9973    0.8299  0.004863   0.00275 4.113e-05
    93/299     3.15G   0.02393   0.01426  0.004529   0.04272         7       640         1         1    0.9977    0.8327  0.004683  0.002689 2.374e-05
    94/299     3.16G   0.02352    0.0139  0.004398   0.04182         9       640         1         1    0.9976    0.8283  0.004779  0.002646 3.224e-05
    95/299     3.16G   0.02303    0.0136  0.003748   0.04038         7       640         1         1    0.9978    0.8367   0.00457  0.002575 3.594e-05
    96/299     3.16G   0.02313   0.01398  0.003595    0.0407         4       640         1         1    0.9971    0.8299  0.004638  0.002759  2.81e-05
    97/299     3.16G   0.02371   0.01427  0.004754   0.04273        10       640         1         1    0.9969    0.8398  0.004823  0.002655 3.317e-05
    98/299     3.16G   0.02401   0.01429  0.004555   0.04286        13       640         1         1    0.9972    0.8368  0.004585  0.002586 3.851e-05
    99/299     3.16G   0.02359   0.01431  0.004715   0.04262        10       640         1         1    0.9975    0.8282  0.004733  0.002612 3.103e-05
   100/299     3.16G   0.02339   0.01379  0.004339   0.04152         8       640         1         1    0.9971    0.8275   0.00469  0.002599 1.395e-05
   101/299     3.16G   0.02289   0.01394  0.004067   0.04089        12       640         1         1    0.9974    0.8193  0.004676  0.002685 2.021e-05
   102/299     3.16G    0.0234   0.01351  0.003474   0.04038         8       640         1         1    0.9976    0.8156  0.004773  0.002689 2.804e-05
   103/299     3.16G   0.02284    0.0136  0.003355    0.0398        13       640         1         1    0.9973    0.8157  0.004867  0.002607 2.874e-05
   104/299     3.16G   0.02248    0.0135  0.003369   0.03935         7       640         1         1    0.9974    0.8218   0.00455  0.002664 3.285e-05
   105/299     3.16G   0.02356   0.01363  0.003867   0.04105         9       640         1         1    0.9978    0.8327  0.004516  0.002486 3.558e-05
   106/299     3.16G   0.02415   0.01369  0.005241   0.04308        12       640         1         1     0.998    0.8237  0.004481   0.00254 2.647e-05
   107/299     3.16G    0.0236   0.01393  0.004847   0.04238         8       640         1         1    0.9977    0.8227  0.004762  0.002617 4.079e-05
   108/299     3.16G   0.02331   0.01408  0.004404    0.0418        10       640         1         1    0.9975    0.8215  0.004583  0.002724 3.404e-05
   109/299     3.16G   0.02321   0.01359  0.004108   0.04091        10       640         1         1    0.9976    0.8499  0.004431  0.002607 3.009e-05
   110/299     3.16G   0.02434   0.01383  0.004443    0.0426         8       640         1         1    0.9978    0.8277  0.004493  0.002597 1.996e-05
   111/299     3.16G    0.0231   0.01372  0.003928   0.04074         9       640         1         1    0.9974    0.8334  0.004576  0.002689 2.049e-05
   112/299     3.16G   0.02366   0.01395  0.004668   0.04228         6       640         1         1    0.9977    0.8317    0.0045  0.002617 3.386e-05
   113/299     3.16G   0.02406   0.01385    0.0044   0.04231         4       640         1         1    0.9976    0.8502   0.00463  0.002597 2.713e-05
   114/299     3.16G   0.02322   0.01395  0.003976   0.04114         9       640         1         1    0.9975    0.8301  0.004733  0.002641 3.049e-05
   115/299     3.16G   0.02307   0.01382  0.004597   0.04149        12       640         1         1    0.9976     0.846  0.004578  0.002653 2.522e-05
   116/299     3.16G   0.02389   0.01381  0.004655   0.04235         7       640         1         1    0.9978    0.8256  0.004829  0.002763 3.571e-05
   117/299     3.16G   0.02373   0.01384  0.004089   0.04166         8       640         1         1    0.9978      0.83  0.004676   0.00265 2.255e-05
   118/299     3.16G   0.02313   0.01398  0.004408   0.04152         9       640         1         1    0.9973    0.8472  0.004459  0.002579 2.184e-05
   119/299     3.16G   0.02335   0.01348   0.00342   0.04025         7       640         1         1    0.9979    0.8441  0.004412  0.002575 2.411e-05
   120/299     3.16G   0.02384   0.01384  0.004123    0.0418         7       640         1         1    0.9978    0.8437  0.004282  0.002544 2.889e-05
   121/299     3.16G   0.02318   0.01346   0.00433   0.04097        11       640         1         1    0.9977    0.8428  0.004355  0.002535 2.683e-05
   122/299     3.16G   0.02325   0.01327  0.004646   0.04117        12       640         1         1    0.9977    0.8373   0.00431  0.002556 1.758e-05
   123/299     3.16G   0.02298   0.01334  0.004864   0.04119         9       640         1         1    0.9973    0.8507  0.004413  0.002667 1.688e-05
   124/299     3.16G   0.02349   0.01386  0.005498   0.04285         7       640         1         1    0.9974    0.8479  0.004523  0.002647  2.21e-05
   125/299     3.16G   0.02331   0.01367   0.00495   0.04193        11       640         1         1    0.9976    0.8367   0.00443  0.002563 1.284e-05
   126/299     3.16G   0.02351   0.01404  0.004652    0.0422         8       640         1         1    0.9975    0.8257  0.004504   0.00258  2.55e-05
   127/299     3.16G    0.0228   0.01343  0.003939   0.04017        12       640         1         1    0.9979    0.8238  0.004654  0.002622 2.982e-05
   128/299     3.16G   0.02293   0.01345  0.003502   0.03988         7       640         1         1    0.9975    0.8325  0.004494  0.002605 1.828e-05
   129/299     3.16G   0.02277   0.01377  0.004274   0.04081        12       640         1         1    0.9978    0.8405  0.004465  0.002588 2.041e-05
   130/299     3.16G   0.02341    0.0136  0.005068   0.04208         7       640         1         1    0.9976    0.8412  0.004506  0.002637 2.435e-05
   131/299     3.16G   0.02298   0.01345  0.004829   0.04125         9       640         1         1    0.9976    0.8242  0.004508  0.002654 2.822e-05
   132/299     3.16G   0.02167   0.01328  0.004417   0.03937        12       640         1         1    0.9975    0.8327  0.004469  0.002506 2.154e-05
   133/299     3.16G   0.02286   0.01316  0.004025   0.04005         8       640         1         1    0.9974    0.8372  0.004497   0.00253 2.119e-05
   134/299     3.16G   0.02276   0.01331  0.003632    0.0397         9       640         1         1    0.9979    0.8354  0.004399  0.002506 3.108e-05
   135/299     3.16G   0.02302    0.0136  0.004548   0.04117        10       640         1         1    0.9977    0.8289  0.004562  0.002479 1.921e-05
   136/299     3.16G   0.02284   0.01361  0.004969   0.04142        10       640         1         1    0.9975    0.8294  0.004479  0.002533 1.947e-05
   137/299     3.16G   0.02239   0.01336   0.00414   0.03988        12       640         1         1    0.9977    0.8281  0.004472  0.002522 1.775e-05
   138/299     3.16G   0.02195   0.01318  0.003133   0.03826         8       640         1         1    0.9975    0.8348  0.004395  0.002501 2.212e-05
   139/299     3.16G   0.02227   0.01341  0.004159   0.03984         7       640         1         1    0.9975    0.8387  0.004477  0.002571  2.27e-05
   140/299     3.16G   0.02286   0.01305  0.005043   0.04096        10       640         1         1    0.9978    0.8327  0.004594   0.00269 3.079e-05
   141/299     3.16G   0.02191   0.01312  0.004089   0.03912         9       640         1         1    0.9975    0.8365  0.004485  0.002576 2.067e-05
   142/299     3.16G   0.02223   0.01319   0.00401   0.03943         7       640         1         1    0.9976    0.8449  0.004382  0.002557 1.829e-05
   143/299     3.16G   0.02283   0.01312  0.004345   0.04029         7       640         1         1    0.9977    0.8543  0.004449  0.002494 1.879e-05
   144/299     3.16G   0.02276   0.01319  0.004361   0.04031         9       640         1         1    0.9977    0.8528  0.004449  0.002518 2.238e-05
   145/299     3.16G   0.02217   0.01278  0.003644    0.0386         9       640         1         1    0.9979     0.832  0.004489  0.002508 2.111e-05
   146/299     3.16G   0.02213   0.01302  0.003919   0.03907         6       640         1         1    0.9978     0.848  0.004465  0.002466 2.023e-05
   147/299     3.16G   0.02212   0.01292  0.003598   0.03864         8       640         1         1    0.9979    0.8434  0.004421  0.002474 1.772e-05
   148/299     3.16G   0.02181     0.013  0.003878   0.03869         9       640         1         1    0.9978    0.8378  0.004513   0.00254 2.005e-05
   149/299     3.16G    0.0225    0.0129  0.004377   0.03978         9       640         1         1    0.9979    0.8384  0.004457  0.002554  1.64e-05
   150/299     3.16G   0.02246   0.01282  0.003648   0.03892         6       640         1         1    0.9979    0.8351  0.004484  0.002526 1.518e-05
   151/299     3.16G   0.02214   0.01302  0.004746   0.03991         6       640         1         1    0.9977    0.8327  0.004447  0.002534 1.787e-05
   152/299     3.16G   0.02128   0.01274  0.003627   0.03764         8       640         1         1    0.9977    0.8296  0.004482  0.002571 1.578e-05
   153/299     3.16G   0.02232   0.01313    0.0038   0.03925         7       640         1         1    0.9977    0.8341  0.004489  0.002503 1.587e-05
   154/299     3.16G    0.0216   0.01271  0.003707   0.03803         8       640         1         1    0.9977    0.8454  0.004461  0.002472 1.577e-05
   155/299     3.16G   0.02201   0.01299  0.004543   0.03955         8       640         1         1    0.9977    0.8441  0.004444  0.002467 1.497e-05
   156/299     3.16G   0.02181   0.01286  0.003816   0.03848        10       640         1         1    0.9979    0.8473  0.004348  0.002451 1.412e-05
   157/299     3.16G   0.02113   0.01278  0.003847   0.03776         7       640         1         1    0.9979    0.8551  0.004276  0.002439 1.389e-05
   158/299     3.16G    0.0211   0.01281  0.003375   0.03729        10       640         1         1    0.9978    0.8536  0.004226  0.002425 1.566e-05
   159/299     3.16G    0.0219   0.01294  0.003828   0.03867         8       640         1         1    0.9979    0.8562  0.004237  0.002428 1.488e-05
   160/299     3.16G   0.02098   0.01269  0.004526    0.0382        11       640         1         1    0.9979    0.8584  0.004201  0.002383 1.564e-05
   161/299     3.16G   0.02114   0.01282  0.003908   0.03788         4       640         1         1    0.9979    0.8586  0.004222  0.002415 1.739e-05
   162/299     3.16G    0.0206   0.01239  0.003215    0.0362        10       640         1         1    0.9979    0.8539  0.004292  0.002448 1.527e-05
   163/299     3.16G   0.02162   0.01276  0.004034   0.03841         9       640         1         1    0.9978    0.8468  0.004342  0.002489 1.629e-05
   164/299     3.16G   0.02128   0.01241   0.00347   0.03716         8       640         1         1     0.998    0.8497  0.004411  0.002565     2e-05
   165/299     3.16G    0.0211   0.01272  0.003587   0.03741        11       640         1         1     0.998    0.8462  0.004448  0.002547 2.054e-05
   166/299     3.16G   0.02175   0.01311  0.004109   0.03897         6       640         1         1     0.998    0.8434  0.004475  0.002545 2.448e-05
   167/299     3.16G   0.02125   0.01265  0.003704   0.03761         7       640         1         1    0.9981    0.8382  0.004503  0.002537  2.38e-05
   168/299     3.16G   0.02144   0.01265  0.003286   0.03738        10       640         1         1    0.9982    0.8425   0.00451  0.002545 1.951e-05
   169/299     3.16G   0.02108   0.01281  0.003964   0.03785         8       640         1         1    0.9983     0.839  0.004504  0.002495 2.295e-05
   170/299     3.16G   0.02163   0.01255  0.003487   0.03767         7       640         1         1    0.9982    0.8369  0.004476  0.002525 2.112e-05
